Buy: 0.004256
Sell: 0.00430892
