Date: 2022-08-20 15:06:58+00:00
Buy: 0.00000203
Sell: 0.00000206
