Date: 2022-08-20 09:25:57+00:00
Buy: 0.00001055
Sell: 0.00001071
