Date: 2022-08-22 16:08:58+00:00
Buy: 0.00050070
Sell: 0.00050821
