Buy: 0.0005483
Sell: 0.00055515
