Buy: 0.0005484
Sell: 0.00055515
