Buy: 0.0003191
Sell: 0.00032381
