Buy: 0.0003188
Sell: 0.00032381
