Date: 2022-08-22 22:27:57+00:00
Buy: 0.00029139
Sell: 0.00029576
