Buy: 0.00587
Sell: 0.00595385
