Date: 2022-08-20 07:17:56+00:00
Buy: 0.00003443
Sell: 0.00003495
