Buy: 0.014126
Sell: 0.01432074
