Date: 2022-08-23 04:01:02+00:00
Buy: 0.01407706
Sell: 0.01428822
