Buy: 0.006693
Sell: 0.00682458
