Date: 2022-08-23 06:24:00+00:00
Buy: 0.00661961
Sell: 0.00671890
