Date: 2022-08-22 22:12:59+00:00
Buy: 0.00001033
Sell: 0.00001048
