Buy: 0.002511
Sell: 0.00255121
