Buy: 0.002325
Sell: 0.00236325
