Date: 2022-08-23 02:36:56+00:00
Buy: 0.00000323
Sell: 0.00000328
