Date: 2022-08-22 23:08:59+00:00
Buy: 0.00008599
Sell: 0.00008728
