Buy: 0.001668
Sell: 0.00169269
