Buy: 0.077248
Sell: 0.07828802
