Buy: 0.077244
Sell: 0.07828802
