Date: 2022-08-18 20:01:00+00:00
Buy: 0.08016909
Sell: 0.08137163
