Buy: 0.0013463
Sell: 0.00136797
