Date: 2022-08-22 17:05:57+00:00
Buy: 0.00129259
Sell: 0.00131198
