Buy: 0.0003461
Sell: 0.00034920
