Buy: 0.0003458
Sell: 0.00034920
