Buy: 0.0003329
Sell: 0.00033823
