Date: 2022-08-22 23:57:00+00:00
Buy: 0.00006374
Sell: 0.00006470
