Date: 2022-08-20 03:37:57+00:00
Buy: 0.00001769
Sell: 0.00001796
