Date: 2022-08-22 22:46:56+00:00
Buy: 0.00213313
Sell: 0.00216513
