Date: 2022-08-22 05:54:58+00:00
Buy: 0.00000309
Sell: 0.00000314
