Date: 2022-08-20 07:45:56+00:00
Buy: 0.00044965
Sell: 0.00045639
