Date: 2022-08-23 00:57:59+00:00
Buy: 0.00000221
Sell: 0.00000224
