Date: 2022-08-20 00:04:02+00:00
Buy: 0.00000521
Sell: 0.00000529
