Date: 2022-08-22 23:00:57+00:00
Buy: 0.00720220
Sell: 0.00731023
