Date: 2022-08-23 00:42:57+00:00
Buy: 0.00001610
Sell: 0.00001634
