Date: 2022-08-18 21:28:59+00:00
Buy: 0.00007923
Sell: 0.00008042
