Buy: 0.003153
Sell: 0.00320146
